% -------------------------------------------------------------------
%  Generated by MATLAB on 19-Jun-2022 09:54:17
%  MATLAB version: 9.7.0.1190202 (R2019b)
% -------------------------------------------------------------------
                                      

n = [-20 -19 -18 -17 -16 -15 -14 -13 -12 -11 -10 -9 -8 -7 -6 -5 -4 -3 -2 ...
     -1 0 1 2 3 4 5 6 7 8 9 10 11 12 13 14 15 16 17 18 19 20];

x_n = [-0.22252093395630992 0.90096886790241959 0.62348980185873282 -0.62348980185873426 ...
       -0.90096886790241881 0.22252093395631517 1 0.22252093395631373 -0.90096886790241937 ...
       -0.623489801858733 0.62348980185873537 0.90096886790241892 -0.22252093395631481 ...
       -1 -0.22252093395631409 0.90096886790241959 0.62348980185873337 ...
       -0.62348980185873371 -0.900968867902419 0.22252093395631445 1 0.22252093395631445 ...
       -0.900968867902419 -0.62348980185873371 0.62348980185873337 0.90096886790241959 ...
       -0.22252093395631409 -1 -0.22252093395631481 0.90096886790241892 ...
       0.62348980185873537 -0.623489801858733 -0.90096886790241937 0.22252093395631373 ...
       1 0.22252093395631517 -0.90096886790241881 -0.62348980185873426 ...
       0.62348980185873282 0.90096886790241959 -0.22252093395630992];

